POWER
Decoded NEC: 20DF10EF (32 bits)
Raw (68): -22120 9000 -4400 600 -500 600 -550 550 -1650 600 -500 600 -500 600 -550 550 -550 600 -500 600 -1600 600 -1650 600 -500 600 -1650 550 -1650 700 -1500 600 -1650 600 -1600 600 -500 600 -550 550 -550 600 -1600 700 -450 550 -550 600 -500 600 -500 600 -1650 550 -1650 600 -1650 650 -450 550 -1650 600 -1650 550 -1650 600 -1600 600

TV_RAD
Decoded NEC: 20DF0FF0 (32 bits)
Raw (68): 16536 9100 -4300 650 -450 700 -400 700 -1550 650 -450 650 -450 700 -450 650 -450 650 -450 650 -1550 700 -1500 700 -450 650 -1550 700 -1550 650 -1550 700 -1550 650 -1550 650 -450 700 -450 650 -450 650 -450 650 -1550 700 -1550 650 -1550 700 -1550 650 -1550 650 -1550 700 -1550 650 -1550 700 -450 650 -450 650 -450 650 -450 700

SUBTITLE
Decoded NEC: 20DF9C63 (32 bits)
Raw (68): 10412 9050 -4350 650 -450 650 -450 650 -1550 700 -400 700 -450 650 -450 650 -450 700 -450 650 -1550 650 -1550 700 -450 650 -1550 650 -1550 700 -1550 650 -1550 650 -1600 650 -1550 650 -450 650 -450 700 -1550 650 -1550 700 -1500 700 -450 650 -450 650 -450 700 -1550 650 -1550 650 -450 700 -450 650 -450 650 -1550 700 -1550 650

AV_MODE
Decoded NEC: 20DF0CF3 (32 bits)
Raw (68): -19480 8950 -4450 600 -500 650 -450 650 -1600 600 -500 600 -500 650 -450 650 -500 600 -500 600 -1600 650 -1600 600 -500 600 -1600 650 -1600 600 -1600 650 -1600 600 -1600 600 -500 650 -450 650 -500 600 -500 600 -1600 650 -1600 600 -500 600 -500 650 -1600 600 -1600 600 -1600 650 -1600 600 -500 600 -500 650 -1600 600 -1600 600

RATIO
Decoded NEC: 20DF9E61 (32 bits)
Raw (68): 32472 8950 -4450 650 -450 650 -400 700 -1600 650 -450 650 -450 650 -450 650 -500 650 -450 650 -1550 650 -1600 650 -450 650 -1550 650 -1600 650 -1550 650 -1600 600 -1600 650 -1550 650 -500 650 -450 650 -1550 650 -1600 650 -1550 650 -1600 600 -500 650 -450 650 -1550 650 -1600 650 -450 650 -450 650 -450 650 -500 650 -1550 650

INPUT
Decoded NEC: 20DFD02F (32 bits)
Raw (68): -28622 9000 -4400 650 -500 600 -500 650 -1550 650 -450 650 -500 650 -450 650 -450 650 -450 650 -1600 650 -1550 650 -450 650 -1600 650 -1550 650 -1600 650 -1550 650 -1550 650 -1600 650 -1550 650 -450 650 -1600 650 -450 650 -450 650 -500 600 -500 650 -450 650 -450 650 -1600 650 -450 650 -1550 650 -1600 650 -1550 650 -1600 600

KEY_1
Decoded NEC: 20DF8877 (32 bits)
Raw (68): 7566 9000 -4400 600 -500 600 -550 550 -1650 600 -500 600 -550 550 -550 600 -500 600 -500 600 -1650 550 -1650 600 -500 600 -1650 600 -1600 600 -1650 550 -1650 600 -1600 600 -1650 600 -500 600 -500 600 -500 600 -1650 600 -500 600 -500 600 -550 550 -550 600 -1600 600 -1650 550 -1650 600 -500 600 -1650 600 -1600 600 -1650 550

KEY_2
Decoded NEC: 20DF48B7 (32 bits)
Raw (68): 5864 8950 -4450 600 -500 600 -500 600 -1650 550 -550 600 -500 600 -500 600 -550 550 -550 600 -1600 600 -1650 550 -550 600 -1600 600 -1650 600 -1600 600 -1650 550 -1650 600 -500 600 -1650 550 -550 600 -500 600 -1600 600 -550 600 -500 650 -450 600 -1650 550 -550 600 -1600 650 -1600 550 -550 600 -1600 600 -1650 550 -1650 600

KEY_3
Decoded NEC: 20DFC837 (32 bits)
Raw (68): -22664 9100 -4300 600 -500 600 -550 550 -1650 650 -450 600 -500 600 -550 600 -500 600 -500 600 -1650 550 -1650 600 -500 600 -1650 650 -1550 600 -1650 550 -1650 600 -1600 600 -1650 600 -1600 600 -500 700 -450 550 -1650 600 -500 600 -500 600 -550 550 -500 650 -500 600 -1650 550 -1650 600 -500 600 -1650 550 -1650 600 -1600 600

KEY_4
Decoded NEC: 20DF28D7 (32 bits)
Raw (68): 19372 9000 -4400 600 -500 600 -550 600 -1600 600 -500 600 -550 550 -550 600 -500 600 -500 600 -1650 550 -1650 600 -500 600 -1650 600 -1600 600 -1600 600 -1650 600 -1600 600 -550 550 -550 600 -1600 600 -500 600 -1650 600 -500 600 -500 600 -550 550 -1650 600 -1600 600 -550 550 -1650 600 -500 600 -1650 550 -1650 600 -1600 600

KEY_5
Decoded NEC: 20DFA857 (32 bits)
Raw (68): 30140 9050 -4350 600 -500 650 -450 600 -1650 600 -500 650 -450 650 -450 700 -450 550 -550 600 -1600 650 -1600 650 -450 600 -1600 700 -1550 650 -1550 600 -1650 650 -1550 650 -1550 600 -550 650 -1550 600 -500 600 -1650 650 -450 600 -500 650 -450 700 -450 650 -1550 650 -450 600 -1650 600 -500 600 -1600 600 -1650 600 -1600 600

KEY_6
Decoded NEC: 20DF6897 (32 bits)
Raw (68): 17050 9000 -4400 600 -500 600 -500 600 -1650 650 -450 600 -500 600 -550 650 -450 600 -500 650 -1550 700 -1550 600 -500 600 -1600 700 -1550 600 -1600 600 -1600 700 -1550 600 -500 600 -1650 650 -1550 650 -450 600 -1650 600 -500 600 -500 650 -450 600 -1650 600 -500 600 -500 600 -1650 650 -450 600 -1600 600 -1650 600 -1600 600

KEY_7
Decoded NEC: 20DFE817 (32 bits)
Raw (68): -19286 8950 -4450 600 -500 600 -500 600 -1650 550 -550 600 -500 600 -500 600 -550 550 -550 600 -1600 600 -1650 550 -550 600 -1600 600 -1650 600 -1600 600 -1650 550 -1650 600 -1600 600 -1650 600 -1600 600 -500 600 -1650 600 -500 600 -450 650 -550 550 -550 600 -500 600 -500 600 -1650 550 -550 600 -1600 600 -1650 550 -1650 600

KEY_8
Decoded NEC: 20DF18E7 (32 bits)
Raw (68): 23892 9000 -4400 600 -550 550 -550 600 -1600 600 -500 600 -550 650 -450 600 -500 600 -500 600 -1650 600 -1600 650 -450 600 -1650 650 -1550 600 -1650 550 -1650 600 -1600 600 -550 550 -550 600 -500 600 -1600 600 -1650 600 -500 600 -500 600 -550 550 -1650 600 -1600 600 -1650 600 -500 600 -500 600 -1650 550 -1650 600 -1650 550

KEY_9
Decoded NEC: 20DF9867 (32 bits)
Raw (68): 14842 9000 -4400 600 -500 600 -550 550 -1650 600 -500 600 -500 600 -550 550 -550 600 -500 600 -1600 600 -1650 600 -500 600 -1650 550 -1650 600 -1600 600 -1650 600 -1600 600 -1600 600 -550 600 -500 600 -1650 650 -1550 600 -500 600 -500 600 -550 550 -550 600 -1600 600 -1650 550 -550 600 -500 600 -1650 550 -1650 600 -1600 600

KEY_0
Decoded NEC: 20DF08F7 (32 bits)
Raw (68): 19470 8950 -4450 600 -500 650 -450 600 -1650 650 -450 650 -450 600 -500 600 -550 600 -500 650 -1550 600 -1650 600 -500 600 -1600 600 -1650 600 -1600 600 -1600 600 -1650 600 -500 600 -550 550 -500 650 -500 600 -1600 600 -550 550 -550 600 -500 600 -1650 550 -1650 600 -1600 600 -1650 600 -500 600 -1600 600 -1650 600 -1600 600

LIST
Decoded NEC: 20DFCA35 (32 bits)
Raw (68): -15610 8950 -4450 650 -450 650 -450 650 -1600 650 -450 650 -450 650 -500 650 -450 650 -450 650 -1550 650 -1600 650 -450 600 -1600 650 -1600 650 -1550 650 -1600 650 -1550 600 -1650 650 -1550 650 -450 600 -500 600 -1650 600 -500 600 -1600 650 -500 600 -500 650 -450 650 -1600 650 -1550 600 -500 650 -1600 650 -450 600 -1600 650

Q_VIEW
Decoded NEC: 20DF58A7 (32 bits)
Raw (68): 22840 9000 -4400 600 -500 600 -550 600 -1600 600 -500 600 -550 550 -550 600 -500 600 -500 600 -1650 550 -1650 600 -500 600 -1650 600 -1600 600 -1650 550 -1650 600 -1600 600 -550 550 -1650 600 -500 600 -1650 550 -1650 600 -500 600 -550 550 -500 650 -1600 600 -500 600 -1650 600 -500 600 -500 600 -1650 550 -1650 600 -1600 600

V_UP
Decoded NEC: 20DF40BF (32 bits)
Raw (68): -28548 9100 -4300 700 -450 650 -450 650 -1550 700 -400 700 -450 650 -450 650 -450 650 -450 700 -1550 650 -1550 700 -400 700 -1550 650 -1550 700 -1550 650 -1550 650 -1600 650 -450 650 -1550 650 -450 700 -450 650 -450 650 -450 650 -450 700 -400 700 -1550 650 -450 650 -1600 650 -1550 650 -1550 700 -1550 650 -1550 700 -1550 650

V_DOWN
Decoded NEC: 20DFC03F (32 bits)
Raw (68): -28596 9100 -4300 700 -400 700 -450 650 -1550 650 -450 700 -450 650 -450 650 -450 650 -450 700 -1550 650 -1550 600 -500 700 -1550 650 -1550 650 -1600 650 -1550 650 -1550 700 -1550 650 -1550 700 -450 650 -450 650 -450 650 -450 700 -400 700 -450 650 -450 650 -450 650 -1600 650 -1550 650 -1550 700 -1550 650 -1550 700 -1550 650

P_UP
Decoded NEC: 20DF00FF (32 bits)
Raw (68): 3792 8950 -4450 650 -450 650 -450 650 -1600 650 -450 650 -450 650 -450 650 -450 700 -450 650 -1550 650 -1550 700 -450 650 -1550 650 -1600 650 -1550 650 -1600 650 -1550 650 -450 650 -500 650 -450 650 -450 650 -450 650 -500 600 -500 650 -450 650 -1550 650 -1600 650 -1550 650 -1600 650 -1550 650 -1600 600 -1600 650 -1550 650

P_DOWN
Decoded NEC: 20DF807F (32 bits)
Raw (68): 4098 8950 -4450 550 -550 600 -500 600 -1650 550 -550 650 -450 600 -500 600 -500 600 -500 650 -1600 600 -1650 550 -550 600 -1600 600 -1650 550 -1650 600 -1600 600 -1650 600 -1600 600 -550 550 -550 600 -500 600 -500 650 -450 600 -550 600 -500 600 -500 650 -1600 650 -1550 600 -1600 650 -1600 600 -1600 600 -1650 600 -1600 600

FAV
Decoded NEC: 20DF7887 (32 bits)
Raw (68): 30874 9050 -4350 650 -450 650 -450 650 -1600 600 -500 650 -450 650 -450 650 -450 650 -500 650 -1550 650 -1600 650 -450 650 -1550 650 -1600 650 -1550 650 -1550 650 -1600 650 -450 650 -1550 650 -1600 650 -1550 650 -1600 650 -450 650 -450 650 -500 600 -1600 650 -450 650 -450 650 -500 650 -450 650 -1550 650 -1600 650 -1550 650

GUIDE
Decoded NEC: 20DFD52A (32 bits)
Raw (68): -21264 9050 -4350 650 -450 650 -450 650 -1600 600 -500 650 -450 650 -450 650 -450 650 -450 700 -1550 650 -1550 650 -500 650 -1550 650 -1600 600 -1600 650 -1550 650 -1600 650 -1550 650 -1600 650 -450 650 -1550 650 -500 600 -1600 650 -450 650 -1600 650 -450 650 -450 650 -1600 600 -500 650 -1550 650 -450 650 -1600 650 -450 650

MUTE
Decoded NEC: 20DF906F (32 bits)
Raw (68): -28636 9050 -4350 650 -500 600 -500 650 -1550 650 -450 650 -500 600 -500 650 -400 700 -450 650 -1600 650 -1550 650 -450 650 -1550 700 -1550 650 -1600 650 -1550 650 -1550 650 -1600 650 -450 650 -450 650 -1600 650 -450 650 -450 650 -450 650 -500 650 -450 650 -1550 650 -1600 650 -450 650 -1550 650 -1600 650 -1550 650 -1600 650

TEXT
Decoded NEC: 20DF04FB (32 bits)
Raw (68): 29426 9000 -4350 650 -500 600 -500 650 -1550 650 -500 600 -500 650 -450 650 -450 650 -450 650 -1600 650 -1550 650 -450 650 -1600 650 -1550 650 -1600 650 -1550 650 -1600 600 -500 650 -450 650 -450 650 -450 650 -500 650 -1550 650 -450 650 -500 600 -1600 650 -1550 650 -1600 650 -1550 650 -1600 650 -450 650 -1550 650 -1600 650

INFO 20DF55AA
Decoded NEC: 20DF55AA (32 bits)
Raw (68): -14744 9050 -4350 650 -400 700 -450 650 -1600 600 -500 650 -450 650 -450 650 -450 650 -500 650 -1550 650 -1600 600 -500 650 -1550 650 -1600 600 -1600 650 -1550 650 -1600 650 -450 650 -1550 650 -500 650 -1550 650 -450 650 -1550 700 -450 650 -1550 650 -1550 700 -450 650 -1550 650 -500 650 -1550 650 -450 650 -1600 650 -450 650

T_OPT
Decoded NEC: 20DF847B (32 bits)
Raw (68): 7164 9050 -4350 650 -500 650 -450 650 -1550 650 -500 650 -450 650 -450 650 -450 650 -500 600 -1550 700 -1550 650 -500 600 -1600 650 -1550 650 -1550 700 -1550 650 -1600 650 -1550 650 -450 650 -500 600 -500 650 -450 650 -1550 650 -500 650 -450 650 -450 650 -1600 600 -1600 650 -1550 650 -1600 650 -450 650 -1550 650 -1600 650

SETTINGS
Decoded NEC: 20DFC23D (32 bits)
Raw (68): 8858 9050 -4350 600 -500 650 -450 650 -1550 650 -500 650 -450 650 -450 650 -450 650 -450 650 -1600 650 -1550 650 -500 650 -1550 650 -1550 650 -1600 650 -1550 650 -1600 650 -1550 650 -1600 600 -500 650 -450 650 -450 650 -450 650 -1600 650 -450 650 -450 650 -500 600 -1600 650 -1550 650 -1550 700 -1550 650 -450 650 -1600 650

Q_MENU
Decoded NEC: 20DFA25D (32 bits)
Raw (68): 20394 9050 -4350 650 -450 650 -450 650 -1600 600 -500 650 -450 650 -500 600 -500 600 -500 600 -1600 650 -1600 650 -450 650 -1600 600 -1600 600 -1600 650 -1600 600 -1600 650 -1600 600 -500 600 -1600 650 -450 650 -500 600 -500 600 -1600 650 -450 650 -500 600 -1600 650 -500 600 -1600 600 -1600 650 -1600 600 -500 650 -1600 600

UP
Decoded NEC: 20DF02FD (32 bits)
Raw (68): -14596 9050 -4300 650 -500 650 -450 650 -1550 650 -500 600 -500 650 -450 650 -450 650 -450 650 -1600 650 -1550 650 -500 600 -1600 650 -1550 650 -1600 650 -1550 650 -1600 650 -450 650 -450 650 -450 650 -450 650 -500 650 -450 650 -1550 650 -500 650 -1550 650 -1600 600 -1600 650 -1550 650 -1600 650 -1550 650 -450 650 -1600 650

DOWN
Decoded NEC: 20DF827D (32 bits)
Raw (68): 31514 8950 -4450 650 -450 600 -500 600 -1650 650 -450 650 -450 600 -500 600 -550 550 -550 600 -1600 600 -1650 550 -550 600 -1600 600 -1650 600 -1600 600 -1650 550 -1650 600 -1600 600 -550 650 -450 600 -500 600 -500 600 -550 550 -1650 650 -450 600 -500 700 -1550 600 -1600 600 -1650 600 -1600 600 -1650 550 -550 600 -1600 600

LEFT
Decoded NEC: 20DFE01F (32 bits)
Raw (68): 24930 9050 -4350 650 -450 650 -500 600 -1600 650 -450 650 -450 650 -500 650 -450 650 -450 650 -1600 600 -1600 650 -450 650 -1600 650 -1550 650 -1600 600 -1600 650 -1550 650 -1600 650 -1550 650 -1600 650 -450 650 -450 650 -450 650 -500 650 -450 650 -450 650 -450 650 -500 600 -1600 650 -1550 650 -1600 650 -1550 650 -1600 650

RIGHT
Decoded NEC: 20DF609F (32 bits)
Raw (68): -20198 9000 -4400 650 -450 650 -500 600 -1600 650 -450 650 -450 650 -450 700 -450 650 -450 650 -1600 600 -1600 650 -450 650 -1600 650 -1550 650 -1550 650 -1600 650 -1550 650 -450 650 -1600 650 -1550 650 -450 650 -450 700 -450 650 -450 650 -450 650 -1600 650 -450 650 -450 650 -1600 650 -1550 650 -1600 650 -1550 650 -1550 650

OK
Decoded NEC: 20DF22DD (32 bits)
Raw (68): -2258 9050 -4350 650 -450 650 -500 600 -1600 650 -450 650 -500 600 -500 650 -450 650 -450 650 -1600 600 -1600 650 -450 650 -1600 650 -1550 650 -1600 600 -1600 650 -1550 650 -500 600 -500 650 -1550 650 -450 650 -500 600 -500 650 -1550 650 -500 600 -1600 650 -1550 650 -500 600 -1600 650 -1550 650 -1600 650 -450 650 -1600 600

BACK
Decoded NEC: 20DF14EB (32 bits)
Raw (68): 7142 9050 -4350 650 -450 650 -450 650 -1550 700 -450 650 -450 650 -450 650 -500 650 -450 650 -1550 650 -1600 650 -450 650 -1550 650 -1600 650 -1550 650 -1600 600 -1600 650 -450 650 -450 650 -500 650 -1550 650 -450 650 -1600 650 -450 650 -450 650 -1600 650 -1550 650 -1550 650 -450 700 -1550 650 -450 650 -1600 650 -1550 650

EXIT
Decoded NEC: 20DFDA25 (32 bits)
Raw (68): -25606 8950 -4450 650 -450 650 -450 650 -1600 600 -500 600 -500 650 -500 600 -500 650 -450 600 -1600 650 -1600 600 -500 650 -1600 600 -1600 650 -1550 650 -1600 600 -1600 650 -1600 600 -1600 650 -450 650 -1550 650 -1600 650 -450 650 -1600 650 -450 650 -450 650 -450 650 -1600 650 -450 600 -500 650 -1600 650 -450 650 -1550 650

SIMPLINK
Decoded NEC: 20DF7E81 (32 bits)
Raw (68): 8860 9050 -4350 650 -450 650 -450 650 -1600 650 -450 650 -450 650 -500 600 -500 650 -450 650 -1550 650 -1600 650 -450 650 -1550 650 -1600 650 -1550 650 -1600 650 -1550 650 -450 650 -1600 650 -1550 650 -1600 650 -1550 650 -1600 600 -1600 650 -450 650 -1600 650 -450 650 -450 650 -450 650 -500 600 -500 650 -450 650 -1550 650

AD
Decoded NEC: 20DF8976 (32 bits)
Raw (68): 11642 9000 -4400 600 -500 700 -450 650 -1550 650 -450 600 -550 550 -550 550 -550 650 -450 700 -1550 650 -1550 650 -450 600 -1650 650 -1550 600 -1600 700 -1550 650 -1550 700 -1550 550 -550 600 -500 700 -400 700 -1550 650 -450 600 -500 700 -1550 650 -450 600 -1600 700 -1550 650 -1550 700 -400 700 -1550 650 -1550 600 -500 700

STOP
Decoded NEC: 20DF8D72 (32 bits)
Raw (68): 13688 9000 -4450 550 -550 600 -500 600 -1600 600 -550 550 -550 600 -500 600 -500 600 -550 650 -1550 600 -1600 600 -550 550 -1650 600 -1600 600 -1650 600 -1600 600 -1650 600 -1600 600 -500 600 -550 550 -550 600 -1600 600 -1650 600 -500 600 -1600 600 -550 550 -1650 650 -1550 600 -1650 600 -500 600 -500 600 -1650 650 -450 600

BACKWARD
Decoded NEC: 20DFF10E (32 bits)
Raw (68): 7272 9000 -4400 650 -500 600 -500 600 -1600 650 -450 650 -500 600 -500 600 -500 600 -500 650 -1600 600 -1600 650 -450 650 -1600 600 -1600 650 -1600 600 -1600 600 -1600 650 -1600 600 -1600 650 -1550 650 -1600 650 -450 650 -450 650 -500 600 -1600 650 -450 650 -500 600 -500 600 -500 650 -1600 600 -1600 600 -1600 650 -500 600

PLAY
Decoded NEC: 20DF0DF2 (32 bits)
Raw (68): 7968 8950 -4450 600 -500 600 -500 650 -1600 600 -500 600 -500 650 -450 650 -500 600 -500 600 -1600 650 -1550 650 -500 600 -1600 650 -1600 600 -1600 600 -1650 600 -1600 600 -500 650 -450 650 -500 600 -500 650 -1550 650 -1600 650 -450 600 -1600 650 -1600 650 -1550 650 -1600 600 -1600 650 -450 650 -500 600 -1600 650 -450 650

PAUSE
Decoded NEC: 20DF5DA2 (32 bits)
Raw (68): -6808 9050 -4350 650 -450 650 -450 650 -1600 650 -450 650 -450 650 -500 600 -500 650 -450 650 -1550 650 -1600 650 -450 650 -1550 650 -1600 650 -1550 650 -1600 650 -1550 650 -450 650 -1600 650 -450 650 -1600 600 -1600 650 -1550 650 -500 650 -1550 650 -1600 600 -500 650 -1550 650 -450 650 -500 600 -500 650 -1550 650 -450 650

FORWARD
Decoded NEC: 20DF718E (32 bits)
Raw (68): -29958 9050 -4350 650 -450 650 -450 650 -1600 650 -450 650 -450 650 -450 650 -450 650 -450 700 -1550 650 -1600 600 -500 650 -1550 650 -1600 650 -1550 650 -1550 650 -1600 650 -450 650 -1600 600 -1600 650 -1550 650 -500 650 -450 650 -450 650 -1550 650 -1600 650 -450 650 -450 650 -500 650 -1550 650 -1600 600 -1600 650 -450 650

RED
Decoded NEC: 20DF4EB1 (32 bits)
Raw (68): -7842 9100 -4300 700 -400 600 -500 600 -1650 600 -500 600 -500 700 -450 650 -450 600 -500 600 -1600 600 -1650 600 -500 700 -1500 850 -1400 600 -1600 700 -1550 700 -1500 700 -400 700 -1550 700 -400 700 -400 700 -1550 550 -1650 600 -1650 650 -450 700 -1500 600 -500 600 -1650 600 -1600 600 -550 550 -550 700 -400 600 -1600 700

GREEN
Decoded NEC: 20DF8E71 (32 bits)
Raw (68): 17394 9000 -4400 600 -500 700 -450 550 -1650 600 -500 600 -500 600 -550 550 -550 700 -400 600 -1650 550 -1650 600 -500 600 -1650 550 -1650 600 -1600 600 -1650 600 -1600 700 -1550 550 -550 600 -500 600 -500 600 -1650 600 -1600 600 -1650 550 -550 600 -500 600 -1550 650 -1650 600 -1600 700 -450 550 -500 650 -500 600 -1600 600

YELLOW
Decoded NEC: 20DFC639 (32 bits)
Raw (68): -28218 9000 -4400 600 -550 550 -550 600 -1600 600 -550 550 -550 550 -550 600 -500 600 -500 600 -1650 600 -1600 600 -500 600 -1650 600 -1600 700 -1550 600 -1600 600 -1650 550 -1650 600 -1600 600 -550 550 -550 600 -500 600 -1650 550 -1650 600 -500 600 -550 550 -550 550 -1650 600 -1650 550 -1650 600 -500 600 -550 550 -1650 600

BLUE
Decoded NEC: 20DF8679 (32 bits)
Raw (68): -22224 9100 -4300 550 -550 600 -500 700 -1550 550 -550 550 -550 600 -500 700 -400 600 -550 550 -1650 600 -1650 650 -450 700 -1500 600 -1600 600 -1650 700 -1500 600 -1600 750 -1500 700 -400 700 -450 550 -550 700 -400 600 -1650 650 -1500 750 -400 600 -500 700 -1550 600 -1600 600 -1650 550 -1650 600 -500 600 -500 600 -1650 700